1996	345
1995	342
1998	337
1997	315
1999	283
1994	257
1993	165
2000	156
1986	104
1992	102
1990	77
1987	71
1988	69
1985	65
1989	60
1991	60
1984	60
1982	50
1981	43
1980	41
1983	35
1979	32
1978	30
1973	29
1974	28
1971	26
1963	25
1967	24
1972	22
1958	22
1968	22
1977	22
1959	22
1975	21
1976	21
1957	20
1965	20
1962	20
1955	19
1940	19
1961	19
1956	19
1969	18
1970	16
1964	16
1960	15
1954	15
1950	14
1947	14
1953	14
1944	13
1942	13
1946	13
1951	12
1966	12
1948	12
1937	11
1952	11
1941	11
1939	11
1945	11
1949	10
1943	10
1936	8
1926	8
1930	7
1934	7
1933	7
1932	7
1931	7
1935	6
1927	6
1925	6
1938	6
1919	3
1923	3
1929	3
1928	3
1920	2
1922	2
1921	1
